2048 ﾌﾛｰﾁｬｰﾄ


①存在するブロック以外の場所にランダムでブロック配置
②上下左右どれか入力
③再度ブロック確認

④
上	[0,0][1,0][2,0][3,0]に順でブロック数を調べ、昇順に配置
	[0,1][1,1][2,1][3,1]〃
	[0,2][1,2][2,2][3,2]〃
	[0,3][1,3][2,3][3,3]〃


下	[0,0][1,0][2,0][3,0]の順でブロック数を調べ、降順に配置
	[0,1][1,1][2,1][3,1]〃
	[0,2][1,2][2,2][3,2]〃
	[0,3][1,3][2,3][3,3]〃


左	[0,0][0,1][0,2][0,3]の順でブロック数を調べ、昇順に配置
	[1,0][1,1][1,2][1,3]〃
	[2,0][2,1][2,2][2,3]〃
	[3,0][3,1][3,2][3,3]〃

右	[0,0][0,1][0,2][0,3]の順でブロック数を調べ、降順に配置
	[1,0][1,1][1,2][1,3]〃
	[2,0][2,1][2,2][2,3]〃
	[3,0][3,1][3,2][3,3]〃

	同じブロックの種類は合算させ、降順か昇順に詰める

⑤ランダムに配置
⑥4*4内が埋まっているか確認する
埋まっている場合➡⑦4*4の中に隣り合う数字が同じものが無ければGameOver
埋まっていない場合➡①～⑥をループ